
=== wrk
cell                        engine-local      raw-engine-local               raw-bun               raw-uws
plain req/s            111,821 [111,821]     113,578 [113,578]       96,200 [96,200]     112,654 [112,654]
CPU us/req                   8.83 [8.83]           8.57 [8.57]         10.37 [10.37]           8.64 [8.64]
conn/s                   23,879 [23,879]       27,262 [27,262]       24,233 [24,233]       26,670 [26,670]
CPU us/conn                22.01 [22.01]         18.54 [18.54]         17.90 [17.90]         15.59 [15.59]
churn errors                 0.00 [0.00]           0.00 [0.00]     244,707 [244,707]     269,482 [269,482]
RSS MB                     83.00 [83.00]         55.00 [55.00]         35.00 [35.00]         54.00 [54.00]

=== oha
cell                        engine-local      raw-engine-local               raw-bun               raw-uws
plain req/s            115,343 [115,343]     119,879 [119,879]     102,958 [102,958]     118,195 [118,195]
CPU us/req                   8.51 [8.51]           8.17 [8.17]           9.69 [9.69]           8.30 [8.30]
conn/s                   24,816 [24,816]       24,299 [24,299]       23,199 [23,199]       23,554 [23,554]
CPU us/conn                20.67 [20.67]         20.70 [20.70]         18.32 [18.32]         16.51 [16.51]
churn errors                 0.00 [0.00]           0.00 [0.00]           0.00 [0.00]           0.00 [0.00]
p99@rate ms                  1.46 [1.46]           1.48 [1.48]           1.51 [1.51]           1.48 [1.48]
CPU us/req@rate              7.76 [7.76]           8.28 [8.28]           9.62 [9.62]           7.54 [7.54]
RSS MB                     67.00 [67.00]         54.00 [54.00]         36.00 [36.00]         54.00 [54.00]

=== bombardier
cell                        engine-local      raw-engine-local               raw-bun               raw-uws
plain req/s            104,816 [104,816]     104,665 [104,665]       93,862 [93,862]     102,836 [102,836]
CPU us/req                   9.48 [9.48]           9.45 [9.45]         10.65 [10.65]           9.62 [9.62]
conn/s                   22,292 [22,292]       22,673 [22,673]       21,448 [21,448]       22,186 [22,186]
CPU us/conn                24.74 [24.74]         24.21 [24.21]         21.84 [21.84]         20.15 [20.15]
churn errors                 0.00 [0.00]           0.00 [0.00]           0.00 [0.00]           0.00 [0.00]
p99@rate ms                  1.85 [1.85]           1.86 [1.86]           1.96 [1.96]           1.82 [1.82]
CPU us/req@rate              9.71 [9.71]           9.67 [9.67]         11.07 [11.07]           9.76 [9.76]
RSS MB                     70.00 [70.00]         47.00 [47.00]         35.00 [35.00]         54.00 [54.00]

=== autocannon
cell                        engine-local      raw-engine-local               raw-bun               raw-uws
plain req/s              86,868 [86,868]       94,778 [94,778]       89,376 [89,376]       95,744 [95,744]
CPU us/req                   8.46 [8.46]           7.67 [7.67]           9.94 [9.94]           7.77 [7.77]
p99@rate ms                  2.00 [2.00]           2.00 [2.00]           2.00 [2.00]           2.00 [2.00]
CPU us/req@rate              8.52 [8.52]           7.90 [7.90]         10.20 [10.20]           8.18 [8.18]
RSS MB                     63.00 [63.00]         54.00 [54.00]         35.00 [35.00]         54.00 [54.00]
